listas
l1: 8
8 4 5 20 7 3 11 2
l2: 7
3 3 11 15 0 7 0
l3: 6
35 2 20 3 5 5
l4: 12
7 1 7 5 1 0 0 5 5 6 8 0
l5: 1
7
l6: 8
0 0 0 0 0 8 4 5
l7: 4
7 3 11 2
lr: 0
consultas
l1:
8->2
1->8
0->no
9->no
l2:
6->7
5->0
7->0
3->11
l3:
3->20
5->5
1->35
-7->no
l4:
5->1
6->0
7->0
12->0
l5:
1->7
2->no
0->no
1->7
l6:
1->0
2->0
3->0
4->0
l7:
4->2
2->3
3->11
1->7
esta?
l1:
20->4
8->1
2->8
6->-1
l2:
-2->-1
18->-1
3->1
0->5
l3:
5->5
3->4
5->5
35->1
l4:
7->1
0->6
5->4
6->10
l5:
7->1
11->-1
-7->-1
7->1
l6:
0->1
0->1
8->6
5->8
l7:
3->2
11->3
2->4
7->1
lr:
0->-1
1->-1
5->-1
-3->-1
invertir Listas
l1:
8 4 5 20 7 3 11 2
2 11 3 7 20 5 4 8
8 4 5 20 7 3 11 2
l2:
3 3 11 15 0 7 0
0 7 0 15 11 3 3
3 3 11 15 0 7 0
l3:
35 2 20 3 5 5
5 5 3 20 2 35
35 2 20 3 5 5
l4:
7 1 7 5 1 0 0 5 5 6 8 0
0 8 6 5 5 0 0 1 5 7 1 7
7 1 7 5 1 0 0 5 5 6 8 0
l5:
7
7
7
l6:
0 0 0 0 0 8 4 5
5 4 8 0 0 0 0 0
0 0 0 0 0 8 4 5
l7:
7 3 11 2
2 11 3 7
7 3 11 2
invertir SUBListas(con elementos)
l1:
8 4 5 20 7 3 11 2
5-3
8 4 3 7 20 5 11 2
3-5
8 4 5 20 7 3 11 2
l2:
3 3 11 15 0 7 0
3-0
0 15 11 3 3 7 0
0-3
3 11 15 0 3 7 0
l3:
35 2 20 3 5 5
2-5
35 5 3 20 2 5
5-2
35 2 20 3 5 5
l4:
7 1 7 5 1 0 0 5 5 6 8 0
5-5
7 1 7 5 1 0 0 5 5 6 8 0
16-5
7 1 7 5 1 0 0 5 5 6 8 0
l5:
7
7-7
7
7-7
7
l6:
0 0 0 0 0 8 4 5
0-5
5 4 8 0 0 0 0 0
5-0
0 8 4 5 0 0 0 0
l7:
7 3 11 2
0-4
7 3 11 2
3-0
7 3 11 2
invertir SUBListas(con enteros/posiciones)
l1:
8 4 5 20 7 3 11 2
1-5
7 20 5 4 8 3 11 2
1-5
8 4 5 20 7 3 11 2
l2:
3 3 11 15 0 7 0
4-7
3 3 11 0 7 0 15
4-7
3 3 11 15 0 7 0
l3:
35 2 20 3 5 5
2-3
35 20 2 3 5 5
2-4
35 3 2 20 5 5
l4:
7 1 7 5 1 0 0 5 5 6 8 0
5-13
7 1 7 5 1 0 0 5 5 6 8 0
1-12
0 8 6 5 5 0 0 1 5 7 1 7
l5:
7
1-1
7
1-2
7
l6:
0 0 0 0 0 8 4 5
0-7
0 0 0 0 0 8 4 5
3-7
0 0 4 8 0 0 0 5
l7:
7 3 11 2
3-4
7 3 2 11
4-5
7 3 2 11
es sublista?
l1:
lx: 8 4 5 20 7 3 11 2
lR: 5 20 7 3
SI
lx: 8 4 5 20 7 3 11 2
lR: 5 21 3 7
NO
l2:
lx: 3 3 11 15 0 7 0
lR: 3 3 11 15 0 7 0
SI
lx: 3 3 11 15 0 7 0
lR: 3 3 11 15 0 7 0 1
NO
l3:
lx: 35 2 20 3 5 5
lR: 
NO
lx: 35 2 20 3 5 5
lR: 1 35 2 20
NO
l4:
lx: 7 1 7 5 1 0 0 5 5 6 8 0
lR: 7 5 1 0 5 5 6
NO
lx: 7 1 7 5 1 0 0 5 5 6 8 0
lR: 7 5 1 0 0 5 5
SI
l5:
lx: 7
lR: 7
SI
lx: 7
lR: 1
NO
l6:
lx: 0 0 0 0 0 8 4 5
lR: 0 0 0 0 8 4
SI
lx: 0 0 0 0 0 8 4 5
lR: 0 0 0 0
SI
l7:
lx: 7 3 11 2
lR: 2 3 11
NO
lx: 7 3 11 2
lR: 7 3 11 2 2
NO
