8
8 4 5 20 7 3 11 2
7
3 3 11 15 0 7 0
6
35 2 20 3 5 5
12
7 1 7 5 1 0 0 5 5 6 8 0
1
7
8
0 0 0 0 0 8 4 5
4
7 3 11 2
8 1 0 9
-1
6 5 7 3
-1
3 5 1 -7
-1
5 6 7 12
-1
1 2 0 1
-1
1 2 3 4
-1
4 2 3 1
-1
20 8 2 6
-1
-2 18 3 0
-1
5 3 5 35
-1
7 0 5 6
-1
7 11 -7 7
-1
0 0 8 5
-1
3 11 2 7
-1
0 1 5 -3
-1
5 3 3 5
3 0 0 3
2 5 5 2
5 5 16 5
7 7 7 7
0 5 5 0
0 4 3 0

1 5 1 5
4 7 4 7
2 3 2 4
5 13 1 12
1 1 1 2
0 7 3 7
3 4 4 5
4
5 20 7 3
4
5 21 3 7
7
3 3 11 15 0 7 0
8
3 3 11 15 0 7 0 1
0
4
1 35 2 20
7
7 5 1 0 5 5 6
7
7 5 1 0 0 5 5
1
7
1
1
6
0 0 0 0 8 4
4
0 0 0 0
3
2 3 11
5
7 3 11 2 2
